SRS = EPSG:32610
DOMAIN_TE = 601339.749712796 4377382.31704529 661339.749712796 4437382.31704529
WX_TE = 595339.749712796 4371382.31704529 667339.749712796 4443382.31704529
WX_BEGIN =  2018-08-05 08:00
WX_END = 2018-08-09 08:00
CENTER_LON = -121.4656982421875
CENTER_LAT = 39.806278228759766
